p 332 107.32699688850096 60.14999999999999 107.32699688850096 60.14999999999999 5 rgba(255,255,0,1)
p 332 107.32699688850096 60.14999999999999 107.32699688850096 60.14999999999999 5 rgba(255,255,0,1)
p 332 108.42980591102555 61.252806823114526 107.32699688850096 60.14999999999999 5 rgba(255,255,0,1)
p 32 25.66098699119393 68.04033450229878 25.66098699119393 68.04033450229878 5 rgba(255,255,0,1)
p 16 166.72665843162582 70.40588288610635 166.72665843162582 70.40588288610635 5 rgba(255,255,0,1)
p 16 166.72665843162582 69.61307456599087 166.72665843162582 70.40588288610635 5 rgba(255,255,0,1)
p 16 166.72665843162588 68.92026624587541 166.72665843162582 69.61307456599087 5 rgba(255,255,0,1)
p 16 166.72665843162588 68.32745792575994 166.72665843162588 68.92026624587541 5 rgba(255,255,0,1)
p 16 166.72665843162588 67.83464960564447 166.72665843162588 68.32745792575994 5 rgba(255,255,0,1)
p 16 166.72665843162594 67.44184128552901 166.72665843162588 67.83464960564447 5 rgba(255,255,0,1)
p 16 166.72665843162594 67.14903296541354 166.72665843162594 67.44184128552901 5 rgba(255,255,0,1)
p 16 166.726658431626 66.95622464529806 166.72665843162594 67.14903296541354 5 rgba(255,255,0,1)
p 16 166.726658431626 66.86341632518258 166.726658431626 66.95622464529806 5 rgba(255,255,0,1)
p 16 166.726658431626 66.87060800506713 166.726658431626 66.86341632518258 5 rgba(255,255,0,1)
p 16 166.72665843162605 66.97779968495166 166.726658431626 66.87060800506713 5 rgba(255,255,0,1)
p 16 166.72665843162605 67.18499136483618 166.72665843162605 66.97779968495166 5 rgba(255,255,0,1)
p 16 166.7266584316261 67.49218304472073 166.72665843162605 67.18499136483618 5 rgba(255,255,0,1)
p 16 166.7266584316261 67.89937472460527 166.7266584316261 67.49218304472073 5 rgba(255,255,0,1)
p 16 166.7266584316261 68.4065664044898 166.7266584316261 67.89937472460527 5 rgba(255,255,0,1)
p 16 166.72665843162616 69.01375808437433 166.7266584316261 68.4065664044898 5 rgba(255,255,0,1)
p 16 166.72665843162616 69.72094976425886 166.72665843162616 69.01375808437433 5 rgba(255,255,0,1)
p 16 166.72665843162622 70.5281414441434 166.72665843162616 69.72094976425886 5 rgba(255,255,0,1)
p 16 166.72665843162622 71.43533312402795 166.72665843162622 70.5281414441434 5 rgba(255,255,0,1)
p 16 166.72665843162628 72.44252480391248 166.72665843162622 71.43533312402795 5 rgba(255,255,0,1)
p 16 166.72665843162628 73.54971648379703 166.72665843162628 72.44252480391248 5 rgba(255,255,0,1)
p 16 166.72665843162633 74.75690816368156 166.72665843162628 73.54971648379703 5 rgba(255,255,0,1)
p 16 166.72665843162633 76.0640998435661 166.72665843162633 74.75690816368156 5 rgba(255,255,0,1)
p 16 166.7266584316264 77.47129152345065 166.72665843162633 76.0640998435661 5 rgba(255,255,0,1)
p 16 166.7266584316264 78.97848320333517 166.7266584316264 77.47129152345065 5 rgba(255,255,0,1)
p 16 166.72665843162645 80.58567488321971 166.7266584316264 78.97848320333517 5 rgba(255,255,0,1)
p 16 166.72665843162645 82.29286656310427 166.72665843162645 80.58567488321971 5 rgba(255,255,0,1)
p 16 166.72665843162645 84.10005824298881 166.72665843162645 82.29286656310427 5 rgba(255,255,0,1)
p 16 166.7266584316265 86.00724992287334 166.72665843162645 84.10005824298881 5 rgba(255,255,0,1)
p 16 149.72301259015745 49.96969430458724 149.72301259015745 49.96969430458724 5 rgba(255,255,0,1)
p 16 149.72301259015745 46.59641858375086 149.72301259015745 49.96969430458724 5 rgba(255,255,0,1)
p 16 149.7230125901575 43.32314286291448 149.72301259015745 46.59641858375086 5 rgba(255,255,0,1)
p 16 149.7230125901575 40.1498671420781 149.7230125901575 43.32314286291448 5 rgba(255,255,0,1)
p 16 149.7230125901575 34.076591421241716 149.7230125901575 40.1498671420781 5 rgba(255,255,0,1)
p 16 149.7230125901575 28.103315700405332 149.7230125901575 34.076591421241716 5 rgba(255,255,0,1)
p 16 149.72301259015757 22.23003997956895 149.7230125901575 28.103315700405332 5 rgba(255,255,0,1)
p 16 149.72301259015757 16.45676425873257 149.72301259015757 22.23003997956895 5 rgba(255,255,0,1)
p 16 149.72301259015757 10.78348853789619 149.72301259015757 16.45676425873257 5 rgba(255,255,0,1)
p 16 149.72301259015757 5.210212817059805 149.72301259015757 10.78348853789619 5 rgba(255,255,0,1)
p 28 10.522184610898648 52.57464596468009 10.522184610898648 52.57464596468009 5 rgba(255,255,0,1)
p 0 238.95671706009244 37.9294824076147 238.95671706009244 37.9294824076147 5 rgba(255,0,69,1)
p 0 238.95671706009244 37.9294824076147 238.95671706009244 37.9294824076147 5 rgba(255,0,69,1)
p 0 238.95671706009244 37.9294824076147 238.95671706009244 37.9294824076147 5 rgba(255,0,69,1)
p 0 238.95671706009244 37.9294824076147 238.95671706009244 37.9294824076147 5 rgba(255,0,69,1)
p 0 238.95671706009244 37.9294824076147 238.95671706009244 37.9294824076147 5 rgba(255,0,69,1)
p 0 238.95671706009244 37.9294824076147 238.95671706009244 37.9294824076147 5 rgba(255,0,69,1)
p 0 238.95671706009244 37.9294824076147 238.95671706009244 37.9294824076147 5 rgba(255,0,69,1)
p 0 238.95671706009244 37.9294824076147 238.95671706009244 37.9294824076147 5 rgba(255,0,69,1)
p 0 238.95671706009244 37.9294824076147 238.95671706009244 37.9294824076147 5 rgba(255,0,69,1)
p 90 38.40559422563615 25.626528351386167 38.40559422563615 25.626528351386167 5 rgba(0,255,0,1)
p 90 38.40559422563615 25.626528351386167 38.40559422563615 25.626528351386167 5 rgba(0,255,0,1)
